2.86575441*exp(-cos(2.31923568*cos(2.2167*sin(cos(0.0754*x)))))*cos(1.2639*sin(cos(0.2751*x)))
[[ 0.          1.          2.          3.          4.          5.
   6.          7.          8.          9.         10.         11.
  12.         13.         14.         15.         16.         17.
  18.         19.         20.         21.         22.         23.
  24.         25.         26.         27.         28.         29.
  30.         31.         32.         33.         34.         35.
  36.         37.         38.         39.         40.         41.
  42.         43.         44.         45.         46.         47.
  48.         49.         50.         51.         52.         53.
  54.         55.         56.         57.         58.         59.
  60.         61.         62.         63.         64.         65.
  66.         67.         68.         69.         70.         71.
  72.         73.         74.         75.         76.         77.
  78.         79.         80.         81.         82.         83.
  84.         85.         86.         87.         88.         89.
  90.         91.         92.         93.         94.         95.        ]
 [ 1.16667998  1.21650004  1.13057005  1.25246     1.30236995  1.40550995
   1.38436997  1.32562995  1.43474996  1.25433004  1.25757003  1.58017004
   1.98008001  1.90427995  1.59010005  1.81559002  2.41801     2.86634994
   3.16662002  3.01550007  2.99780011  2.31957006  1.94707     1.72985005
   1.51837003  1.22616005  1.05432999  1.07107997  0.82612002  0.82050502
   0.63084602  0.63935     0.58660901  0.77302402  0.79074299  0.71184701
   0.79463702  0.586604    0.615982    0.49150699  0.60434097  0.52447802
   0.59069198  0.505135    0.63427103  0.61011797  0.64122701  0.66142899
   0.79268098  0.63905901  0.63673198  0.74782902  0.96087301  1.04324996
   1.05449998  1.11231005  1.41273999  1.72703004  2.40700006  3.10962009
   4.3077898   4.83029985  6.42904997  6.86734009  7.06496     4.55114985
   2.41832995  1.80905998  1.71202004  1.54250002  1.43787003  1.32427001
   1.30726004  1.03698003  1.01031995  1.05249     1.02008998  0.92441899
   0.790645    0.80260998  0.83613002  0.792436    0.68358803  0.75745201
   0.78858501  0.81217098  0.80446303  0.87770098  0.74145299  0.66102201
   0.71510899  0.56224102  0.78680801  0.86065799  0.68994403  0.77969098]]
exp(exp(-10.8963*cos(sin(1.0288*sqrt(x))))*exp(6.9243*cos(sin(1.5732*sqrt(x)))))
[[ 0.          1.          2.          3.          4.          5.
   6.          7.          8.          9.         10.         11.
  12.         13.         14.         15.         16.         17.
  18.         19.         20.         21.         22.         23.
  24.         25.         26.         27.         28.         29.
  30.         31.         32.         33.         34.         35.
  36.         37.         38.         39.         40.         41.
  42.         43.         44.         45.         46.         47.
  48.         49.         50.         51.         52.         53.
  54.         55.         56.         57.         58.         59.
  60.         61.         62.         63.         64.         65.
  66.         67.         68.         69.         70.         71.
  72.         73.         74.         75.         76.         77.
  78.         79.         80.         81.         82.         83.
  84.         85.         86.         87.         88.         89.
  90.         91.         92.         93.         94.         95.        ]
 [ 1.21650004  1.13057005  1.25246     1.30236995  1.40550995  1.38436997
   1.32562995  1.43474996  1.25433004  1.25757003  1.58017004  1.98008001
   1.90427995  1.59010005  1.81559002  2.41801     2.86634994  3.16662002
   3.01550007  2.99780011  2.31957006  1.94707     1.72985005  1.51837003
   1.22616005  1.05432999  1.07107997  0.82612002  0.82050502  0.63084602
   0.63935     0.58660901  0.77302402  0.79074299  0.71184701  0.79463702
   0.586604    0.615982    0.49150699  0.60434097  0.52447802  0.59069198
   0.505135    0.63427103  0.61011797  0.64122701  0.66142899  0.79268098
   0.63905901  0.63673198  0.74782902  0.96087301  1.04324996  1.05449998
   1.11231005  1.41273999  1.72703004  2.40700006  3.10962009  4.3077898
   4.83029985  6.42904997  6.86734009  7.06496     4.55114985  2.41832995
   1.80905998  1.71202004  1.54250002  1.43787003  1.32427001  1.30726004
   1.03698003  1.01031995  1.05249     1.02008998  0.92441899  0.790645
   0.80260998  0.83613002  0.792436    0.68358803  0.75745201  0.78858501
   0.81217098  0.80446303  0.87770098  0.74145299  0.66102201  0.71510899
   0.56224102  0.78680801  0.86065799  0.68994403  0.77969098  0.62814403]]
exp(3.3744*log(cos(sin(1.8762*cos(1.00801785698469*sqrt(x)))))*cos(sin(1.9671*cos(1.82*sqrt(x)))))*exp(1.76424849480892*cos(sin(1.9671*cos(1.82*sqrt(x)))))
[[ 0.          1.          2.          3.          4.          5.
   6.          7.          8.          9.         10.         11.
  12.         13.         14.         15.         16.         17.
  18.         19.         20.         21.         22.         23.
  24.         25.         26.         27.         28.         29.
  30.         31.         32.         33.         34.         35.
  36.         37.         38.         39.         40.         41.
  42.         43.         44.         45.         46.         47.
  48.         49.         50.         51.         52.         53.
  54.         55.         56.         57.         58.         59.
  60.         61.         62.         63.         64.         65.
  66.         67.         68.         69.         70.         71.
  72.         73.         74.         75.         76.         77.
  78.         79.         80.         81.         82.         83.
  84.         85.         86.         87.         88.         89.
  90.         91.         92.         93.         94.         95.        ]
 [ 1.13057005  1.25246     1.30236995  1.40550995  1.38436997  1.32562995
   1.43474996  1.25433004  1.25757003  1.58017004  1.98008001  1.90427995
   1.59010005  1.81559002  2.41801     2.86634994  3.16662002  3.01550007
   2.99780011  2.31957006  1.94707     1.72985005  1.51837003  1.22616005
   1.05432999  1.07107997  0.82612002  0.82050502  0.63084602  0.63935
   0.58660901  0.77302402  0.79074299  0.71184701  0.79463702  0.586604
   0.615982    0.49150699  0.60434097  0.52447802  0.59069198  0.505135
   0.63427103  0.61011797  0.64122701  0.66142899  0.79268098  0.63905901
   0.63673198  0.74782902  0.96087301  1.04324996  1.05449998  1.11231005
   1.41273999  1.72703004  2.40700006  3.10962009  4.3077898   4.83029985
   6.42904997  6.86734009  7.06496     4.55114985  2.41832995  1.80905998
   1.71202004  1.54250002  1.43787003  1.32427001  1.30726004  1.03698003
   1.01031995  1.05249     1.02008998  0.92441899  0.790645    0.80260998
   0.83613002  0.792436    0.68358803  0.75745201  0.78858501  0.81217098
   0.80446303  0.87770098  0.74145299  0.66102201  0.71510899  0.56224102
   0.78680801  0.86065799  0.68994403  0.77969098  0.62814403  0.90245903]]
cos(cos(x)) + exp(-exp(0.9841*sin(0.2879*x)))*exp(1.7559*sin(0.1332*x))
[[ 0.          1.          2.          3.          4.          5.
   6.          7.          8.          9.         10.         11.
  12.         13.         14.         15.         16.         17.
  18.         19.         20.         21.         22.         23.
  24.         25.         26.         27.         28.         29.
  30.         31.         32.         33.         34.         35.
  36.         37.         38.         39.         40.         41.
  42.         43.         44.         45.         46.         47.
  48.         49.         50.         51.         52.         53.
  54.         55.         56.         57.         58.         59.
  60.         61.         62.         63.         64.         65.
  66.         67.         68.         69.         70.         71.
  72.         73.         74.         75.         76.         77.
  78.         79.         80.         81.         82.         83.
  84.         85.         86.         87.         88.         89.
  90.         91.         92.         93.         94.         95.        ]
 [ 1.25246     1.30236995  1.40550995  1.38436997  1.32562995  1.43474996
   1.25433004  1.25757003  1.58017004  1.98008001  1.90427995  1.59010005
   1.81559002  2.41801     2.86634994  3.16662002  3.01550007  2.99780011
   2.31957006  1.94707     1.72985005  1.51837003  1.22616005  1.05432999
   1.07107997  0.82612002  0.82050502  0.63084602  0.63935     0.58660901
   0.77302402  0.79074299  0.71184701  0.79463702  0.586604    0.615982
   0.49150699  0.60434097  0.52447802  0.59069198  0.505135    0.63427103
   0.61011797  0.64122701  0.66142899  0.79268098  0.63905901  0.63673198
   0.74782902  0.96087301  1.04324996  1.05449998  1.11231005  1.41273999
   1.72703004  2.40700006  3.10962009  4.3077898   4.83029985  6.42904997
   6.86734009  7.06496     4.55114985  2.41832995  1.80905998  1.71202004
   1.54250002  1.43787003  1.32427001  1.30726004  1.03698003  1.01031995
   1.05249     1.02008998  0.92441899  0.790645    0.80260998  0.83613002
   0.792436    0.68358803  0.75745201  0.78858501  0.81217098  0.80446303
   0.87770098  0.74145299  0.66102201  0.71510899  0.56224102  0.78680801
   0.86065799  0.68994403  0.77969098  0.62814403  0.90245903  0.80644298]]
exp(exp(-16.9999*sin(cos(sin(3.2245*x))))*exp(12.5117*sin(cos(sin(6.2389*x)))))
[[ 0.          1.          2.          3.          4.          5.
   6.          7.          8.          9.         10.         11.
  12.         13.         14.         15.         16.         17.
  18.         19.         20.         21.         22.         23.
  24.         25.         26.         27.         28.         29.
  30.         31.         32.         33.         34.         35.
  36.         37.         38.         39.         40.         41.
  42.         43.         44.         45.         46.         47.
  48.         49.         50.         51.         52.         53.
  54.         55.         56.         57.         58.         59.
  60.         61.         62.         63.         64.         65.
  66.         67.         68.         69.         70.         71.
  72.         73.         74.         75.         76.         77.
  78.         79.         80.         81.         82.         83.
  84.         85.         86.         87.         88.         89.
  90.         91.         92.         93.         94.         95.        ]
 [ 1.30236995  1.40550995  1.38436997  1.32562995  1.43474996  1.25433004
   1.25757003  1.58017004  1.98008001  1.90427995  1.59010005  1.81559002
   2.41801     2.86634994  3.16662002  3.01550007  2.99780011  2.31957006
   1.94707     1.72985005  1.51837003  1.22616005  1.05432999  1.07107997
   0.82612002  0.82050502  0.63084602  0.63935     0.58660901  0.77302402
   0.79074299  0.71184701  0.79463702  0.586604    0.615982    0.49150699
   0.60434097  0.52447802  0.59069198  0.505135    0.63427103  0.61011797
   0.64122701  0.66142899  0.79268098  0.63905901  0.63673198  0.74782902
   0.96087301  1.04324996  1.05449998  1.11231005  1.41273999  1.72703004
   2.40700006  3.10962009  4.3077898   4.83029985  6.42904997  6.86734009
   7.06496     4.55114985  2.41832995  1.80905998  1.71202004  1.54250002
   1.43787003  1.32427001  1.30726004  1.03698003  1.01031995  1.05249
   1.02008998  0.92441899  0.790645    0.80260998  0.83613002  0.792436
   0.68358803  0.75745201  0.78858501  0.81217098  0.80446303  0.87770098
   0.74145299  0.66102201  0.71510899  0.56224102  0.78680801  0.86065799
   0.68994403  0.77969098  0.62814403  0.90245903  0.80644298  0.874888  ]]
exp(exp(6.8494*cos(1.234*cos(sin(3.0052*x)) + 1.367*cos(sin(3.2244*x)))*cos(sin(0.2519*x))))
[[ 0.          1.          2.          3.          4.          5.
   6.          7.          8.          9.         10.         11.
  12.         13.         14.         15.         16.         17.
  18.         19.         20.         21.         22.         23.
  24.         25.         26.         27.         28.         29.
  30.         31.         32.         33.         34.         35.
  36.         37.         38.         39.         40.         41.
  42.         43.         44.         45.         46.         47.
  48.         49.         50.         51.         52.         53.
  54.         55.         56.         57.         58.         59.
  60.         61.         62.         63.         64.         65.
  66.         67.         68.         69.         70.         71.
  72.         73.         74.         75.         76.         77.
  78.         79.         80.         81.         82.         83.
  84.         85.         86.         87.         88.         89.
  90.         91.         92.         93.         94.         95.        ]
 [ 1.40550995  1.38436997  1.32562995  1.43474996  1.25433004  1.25757003
   1.58017004  1.98008001  1.90427995  1.59010005  1.81559002  2.41801
   2.86634994  3.16662002  3.01550007  2.99780011  2.31957006  1.94707
   1.72985005  1.51837003  1.22616005  1.05432999  1.07107997  0.82612002
   0.82050502  0.63084602  0.63935     0.58660901  0.77302402  0.79074299
   0.71184701  0.79463702  0.586604    0.615982    0.49150699  0.60434097
   0.52447802  0.59069198  0.505135    0.63427103  0.61011797  0.64122701
   0.66142899  0.79268098  0.63905901  0.63673198  0.74782902  0.96087301
   1.04324996  1.05449998  1.11231005  1.41273999  1.72703004  2.40700006
   3.10962009  4.3077898   4.83029985  6.42904997  6.86734009  7.06496
   4.55114985  2.41832995  1.80905998  1.71202004  1.54250002  1.43787003
   1.32427001  1.30726004  1.03698003  1.01031995  1.05249     1.02008998
   0.92441899  0.790645    0.80260998  0.83613002  0.792436    0.68358803
   0.75745201  0.78858501  0.81217098  0.80446303  0.87770098  0.74145299
   0.66102201  0.71510899  0.56224102  0.78680801  0.86065799  0.68994403
   0.77969098  0.62814403  0.90245903  0.80644298  0.874888    0.993213  ]]
exp(0.0722*exp(3.2715*sin(0.138572*x)))*exp(-0.2845*exp(-0.7892*sin(5.5379082*x)))
[[ 0.          1.          2.          3.          4.          5.
   6.          7.          8.          9.         10.         11.
  12.         13.         14.         15.         16.         17.
  18.         19.         20.         21.         22.         23.
  24.         25.         26.         27.         28.         29.
  30.         31.         32.         33.         34.         35.
  36.         37.         38.         39.         40.         41.
  42.         43.         44.         45.         46.         47.
  48.         49.         50.         51.         52.         53.
  54.         55.         56.         57.         58.         59.
  60.         61.         62.         63.         64.         65.
  66.         67.         68.         69.         70.         71.
  72.         73.         74.         75.         76.         77.
  78.         79.         80.         81.         82.         83.
  84.         85.         86.         87.         88.         89.
  90.         91.         92.         93.         94.         95.        ]
 [ 1.38436997  1.32562995  1.43474996  1.25433004  1.25757003  1.58017004
   1.98008001  1.90427995  1.59010005  1.81559002  2.41801     2.86634994
   3.16662002  3.01550007  2.99780011  2.31957006  1.94707     1.72985005
   1.51837003  1.22616005  1.05432999  1.07107997  0.82612002  0.82050502
   0.63084602  0.63935     0.58660901  0.77302402  0.79074299  0.71184701
   0.79463702  0.586604    0.615982    0.49150699  0.60434097  0.52447802
   0.59069198  0.505135    0.63427103  0.61011797  0.64122701  0.66142899
   0.79268098  0.63905901  0.63673198  0.74782902  0.96087301  1.04324996
   1.05449998  1.11231005  1.41273999  1.72703004  2.40700006  3.10962009
   4.3077898   4.83029985  6.42904997  6.86734009  7.06496     4.55114985
   2.41832995  1.80905998  1.71202004  1.54250002  1.43787003  1.32427001
   1.30726004  1.03698003  1.01031995  1.05249     1.02008998  0.92441899
   0.790645    0.80260998  0.83613002  0.792436    0.68358803  0.75745201
   0.78858501  0.81217098  0.80446303  0.87770098  0.74145299  0.66102201
   0.71510899  0.56224102  0.78680801  0.86065799  0.68994403  0.77969098
   0.62814403  0.90245903  0.80644298  0.874888    0.993213    0.87614101]]
0.1832*sqrt(exp(exp(exp(-0.61566992*sin(1.47458468729334*sqrt(x))))))
[[ 0.          1.          2.          3.          4.          5.
   6.          7.          8.          9.         10.         11.
  12.         13.         14.         15.         16.         17.
  18.         19.         20.         21.         22.         23.
  24.         25.         26.         27.         28.         29.
  30.         31.         32.         33.         34.         35.
  36.         37.         38.         39.         40.         41.
  42.         43.         44.         45.         46.         47.
  48.         49.         50.         51.         52.         53.
  54.         55.         56.         57.         58.         59.
  60.         61.         62.         63.         64.         65.
  66.         67.         68.         69.         70.         71.
  72.         73.         74.         75.         76.         77.
  78.         79.         80.         81.         82.         83.
  84.         85.         86.         87.         88.         89.
  90.         91.         92.         93.         94.         95.        ]
 [ 1.32562995  1.43474996  1.25433004  1.25757003  1.58017004  1.98008001
   1.90427995  1.59010005  1.81559002  2.41801     2.86634994  3.16662002
   3.01550007  2.99780011  2.31957006  1.94707     1.72985005  1.51837003
   1.22616005  1.05432999  1.07107997  0.82612002  0.82050502  0.63084602
   0.63935     0.58660901  0.77302402  0.79074299  0.71184701  0.79463702
   0.586604    0.615982    0.49150699  0.60434097  0.52447802  0.59069198
   0.505135    0.63427103  0.61011797  0.64122701  0.66142899  0.79268098
   0.63905901  0.63673198  0.74782902  0.96087301  1.04324996  1.05449998
   1.11231005  1.41273999  1.72703004  2.40700006  3.10962009  4.3077898
   4.83029985  6.42904997  6.86734009  7.06496     4.55114985  2.41832995
   1.80905998  1.71202004  1.54250002  1.43787003  1.32427001  1.30726004
   1.03698003  1.01031995  1.05249     1.02008998  0.92441899  0.790645
   0.80260998  0.83613002  0.792436    0.68358803  0.75745201  0.78858501
   0.81217098  0.80446303  0.87770098  0.74145299  0.66102201  0.71510899
   0.56224102  0.78680801  0.86065799  0.68994403  0.77969098  0.62814403
   0.90245903  0.80644298  0.874888    0.993213    0.87614101  0.94809198]]
exp(-sin(1.4941*sqrt(x)))*sqrt(exp(sin(3.6167*sqrt(x))))
[[ 0.          1.          2.          3.          4.          5.
   6.          7.          8.          9.         10.         11.
  12.         13.         14.         15.         16.         17.
  18.         19.         20.         21.         22.         23.
  24.         25.         26.         27.         28.         29.
  30.         31.         32.         33.         34.         35.
  36.         37.         38.         39.         40.         41.
  42.         43.         44.         45.         46.         47.
  48.         49.         50.         51.         52.         53.
  54.         55.         56.         57.         58.         59.
  60.         61.         62.         63.         64.         65.
  66.         67.         68.         69.         70.         71.
  72.         73.         74.         75.         76.         77.
  78.         79.         80.         81.         82.         83.
  84.         85.         86.         87.         88.         89.
  90.         91.         92.         93.         94.         95.        ]
 [ 1.43474996  1.25433004  1.25757003  1.58017004  1.98008001  1.90427995
   1.59010005  1.81559002  2.41801     2.86634994  3.16662002  3.01550007
   2.99780011  2.31957006  1.94707     1.72985005  1.51837003  1.22616005
   1.05432999  1.07107997  0.82612002  0.82050502  0.63084602  0.63935
   0.58660901  0.77302402  0.79074299  0.71184701  0.79463702  0.586604
   0.615982    0.49150699  0.60434097  0.52447802  0.59069198  0.505135
   0.63427103  0.61011797  0.64122701  0.66142899  0.79268098  0.63905901
   0.63673198  0.74782902  0.96087301  1.04324996  1.05449998  1.11231005
   1.41273999  1.72703004  2.40700006  3.10962009  4.3077898   4.83029985
   6.42904997  6.86734009  7.06496     4.55114985  2.41832995  1.80905998
   1.71202004  1.54250002  1.43787003  1.32427001  1.30726004  1.03698003
   1.01031995  1.05249     1.02008998  0.92441899  0.790645    0.80260998
   0.83613002  0.792436    0.68358803  0.75745201  0.78858501  0.81217098
   0.80446303  0.87770098  0.74145299  0.66102201  0.71510899  0.56224102
   0.78680801  0.86065799  0.68994403  0.77969098  0.62814403  0.90245903
   0.80644298  0.874888    0.993213    0.87614101  0.94809198  0.926943  ]]
exp(307.5275*cos(4.7683*sin(exp(cos(sin(3.1708*x)))))) + 2.2518*cos(1.2562*sin(exp(cos(sin(3.1991*x)))))
[[ 0.          1.          2.          3.          4.          5.
   6.          7.          8.          9.         10.         11.
  12.         13.         14.         15.         16.         17.
  18.         19.         20.         21.         22.         23.
  24.         25.         26.         27.         28.         29.
  30.         31.         32.         33.         34.         35.
  36.         37.         38.         39.         40.         41.
  42.         43.         44.         45.         46.         47.
  48.         49.         50.         51.         52.         53.
  54.         55.         56.         57.         58.         59.
  60.         61.         62.         63.         64.         65.
  66.         67.         68.         69.         70.         71.
  72.         73.         74.         75.         76.         77.
  78.         79.         80.         81.         82.         83.
  84.         85.         86.         87.         88.         89.
  90.         91.         92.         93.         94.         95.        ]
 [ 1.25433004  1.25757003  1.58017004  1.98008001  1.90427995  1.59010005
   1.81559002  2.41801     2.86634994  3.16662002  3.01550007  2.99780011
   2.31957006  1.94707     1.72985005  1.51837003  1.22616005  1.05432999
   1.07107997  0.82612002  0.82050502  0.63084602  0.63935     0.58660901
   0.77302402  0.79074299  0.71184701  0.79463702  0.586604    0.615982
   0.49150699  0.60434097  0.52447802  0.59069198  0.505135    0.63427103
   0.61011797  0.64122701  0.66142899  0.79268098  0.63905901  0.63673198
   0.74782902  0.96087301  1.04324996  1.05449998  1.11231005  1.41273999
   1.72703004  2.40700006  3.10962009  4.3077898   4.83029985  6.42904997
   6.86734009  7.06496     4.55114985  2.41832995  1.80905998  1.71202004
   1.54250002  1.43787003  1.32427001  1.30726004  1.03698003  1.01031995
   1.05249     1.02008998  0.92441899  0.790645    0.80260998  0.83613002
   0.792436    0.68358803  0.75745201  0.78858501  0.81217098  0.80446303
   0.87770098  0.74145299  0.66102201  0.71510899  0.56224102  0.78680801
   0.86065799  0.68994403  0.77969098  0.62814403  0.90245903  0.80644298
   0.874888    0.993213    0.87614101  0.94809198  0.926943    0.97164297]]
0.6096*exp(sin(0.1449*x))/cos(1.32212178*sin(1.281*exp(-sin(0.1168*x))))
[[ 0.          1.          2.          3.          4.          5.
   6.          7.          8.          9.         10.         11.
  12.         13.         14.         15.         16.         17.
  18.         19.         20.         21.         22.         23.
  24.         25.         26.         27.         28.         29.
  30.         31.         32.         33.         34.         35.
  36.         37.         38.         39.         40.         41.
  42.         43.         44.         45.         46.         47.
  48.         49.         50.         51.         52.         53.
  54.         55.         56.         57.         58.         59.
  60.         61.         62.         63.         64.         65.
  66.         67.         68.         69.         70.         71.
  72.         73.         74.         75.         76.         77.
  78.         79.         80.         81.         82.         83.
  84.         85.         86.         87.         88.         89.
  90.         91.         92.         93.         94.         95.        ]
 [ 1.25757003  1.58017004  1.98008001  1.90427995  1.59010005  1.81559002
   2.41801     2.86634994  3.16662002  3.01550007  2.99780011  2.31957006
   1.94707     1.72985005  1.51837003  1.22616005  1.05432999  1.07107997
   0.82612002  0.82050502  0.63084602  0.63935     0.58660901  0.77302402
   0.79074299  0.71184701  0.79463702  0.586604    0.615982    0.49150699
   0.60434097  0.52447802  0.59069198  0.505135    0.63427103  0.61011797
   0.64122701  0.66142899  0.79268098  0.63905901  0.63673198  0.74782902
   0.96087301  1.04324996  1.05449998  1.11231005  1.41273999  1.72703004
   2.40700006  3.10962009  4.3077898   4.83029985  6.42904997  6.86734009
   7.06496     4.55114985  2.41832995  1.80905998  1.71202004  1.54250002
   1.43787003  1.32427001  1.30726004  1.03698003  1.01031995  1.05249
   1.02008998  0.92441899  0.790645    0.80260998  0.83613002  0.792436
   0.68358803  0.75745201  0.78858501  0.81217098  0.80446303  0.87770098
   0.74145299  0.66102201  0.71510899  0.56224102  0.78680801  0.86065799
   0.68994403  0.77969098  0.62814403  0.90245903  0.80644298  0.874888
   0.993213    0.87614101  0.94809198  0.926943    0.97164297  0.89715898]]
2.2997426736*exp(1.7927*sin(0.1499*x))*sin(0.228*exp(0.7229*sin(0.3943*x)))
[[ 0.          1.          2.          3.          4.          5.
   6.          7.          8.          9.         10.         11.
  12.         13.         14.         15.         16.         17.
  18.         19.         20.         21.         22.         23.
  24.         25.         26.         27.         28.         29.
  30.         31.         32.         33.         34.         35.
  36.         37.         38.         39.         40.         41.
  42.         43.         44.         45.         46.         47.
  48.         49.         50.         51.         52.         53.
  54.         55.         56.         57.         58.         59.
  60.         61.         62.         63.         64.         65.
  66.         67.         68.         69.         70.         71.
  72.         73.         74.         75.         76.         77.
  78.         79.         80.         81.         82.         83.
  84.         85.         86.         87.         88.         89.
  90.         91.         92.         93.         94.         95.        ]
 [ 1.58017004  1.98008001  1.90427995  1.59010005  1.81559002  2.41801
   2.86634994  3.16662002  3.01550007  2.99780011  2.31957006  1.94707
   1.72985005  1.51837003  1.22616005  1.05432999  1.07107997  0.82612002
   0.82050502  0.63084602  0.63935     0.58660901  0.77302402  0.79074299
   0.71184701  0.79463702  0.586604    0.615982    0.49150699  0.60434097
   0.52447802  0.59069198  0.505135    0.63427103  0.61011797  0.64122701
   0.66142899  0.79268098  0.63905901  0.63673198  0.74782902  0.96087301
   1.04324996  1.05449998  1.11231005  1.41273999  1.72703004  2.40700006
   3.10962009  4.3077898   4.83029985  6.42904997  6.86734009  7.06496
   4.55114985  2.41832995  1.80905998  1.71202004  1.54250002  1.43787003
   1.32427001  1.30726004  1.03698003  1.01031995  1.05249     1.02008998
   0.92441899  0.790645    0.80260998  0.83613002  0.792436    0.68358803
   0.75745201  0.78858501  0.81217098  0.80446303  0.87770098  0.74145299
   0.66102201  0.71510899  0.56224102  0.78680801  0.86065799  0.68994403
   0.77969098  0.62814403  0.90245903  0.80644298  0.874888    0.993213
   0.87614101  0.94809198  0.926943    0.97164297  0.89715898  1.02248001]]
-2.9277*x*exp(-x)*exp(exp(cos(log(exp(3.5362*x))/2))) + 0.309*exp(exp(cos(log(exp(0.2466*x))/2)))
[[ 0.          1.          2.          3.          4.          5.
   6.          7.          8.          9.         10.         11.
  12.         13.         14.         15.         16.         17.
  18.         19.         20.         21.         22.         23.
  24.         25.         26.         27.         28.         29.
  30.         31.         32.         33.         34.         35.
  36.         37.         38.         39.         40.         41.
  42.         43.         44.         45.         46.         47.
  48.         49.         50.         51.         52.         53.
  54.         55.         56.         57.         58.         59.
  60.         61.         62.         63.         64.         65.
  66.         67.         68.         69.         70.         71.
  72.         73.         74.         75.         76.         77.
  78.         79.         80.         81.         82.         83.
  84.         85.         86.         87.         88.         89.
  90.         91.         92.         93.         94.         95.        ]
 [ 1.98008001  1.90427995  1.59010005  1.81559002  2.41801     2.86634994
   3.16662002  3.01550007  2.99780011  2.31957006  1.94707     1.72985005
   1.51837003  1.22616005  1.05432999  1.07107997  0.82612002  0.82050502
   0.63084602  0.63935     0.58660901  0.77302402  0.79074299  0.71184701
   0.79463702  0.586604    0.615982    0.49150699  0.60434097  0.52447802
   0.59069198  0.505135    0.63427103  0.61011797  0.64122701  0.66142899
   0.79268098  0.63905901  0.63673198  0.74782902  0.96087301  1.04324996
   1.05449998  1.11231005  1.41273999  1.72703004  2.40700006  3.10962009
   4.3077898   4.83029985  6.42904997  6.86734009  7.06496     4.55114985
   2.41832995  1.80905998  1.71202004  1.54250002  1.43787003  1.32427001
   1.30726004  1.03698003  1.01031995  1.05249     1.02008998  0.92441899
   0.790645    0.80260998  0.83613002  0.792436    0.68358803  0.75745201
   0.78858501  0.81217098  0.80446303  0.87770098  0.74145299  0.66102201
   0.71510899  0.56224102  0.78680801  0.86065799  0.68994403  0.77969098
   0.62814403  0.90245903  0.80644298  0.874888    0.993213    0.87614101
   0.94809198  0.926943    0.97164297  0.89715898  1.02248001  1.06296003]]
exp(3513.4687*exp(-21.3224*exp(cos(2.0946*x))))*exp(27435489896.1391*exp(-63.5349*exp(cos(102949.9281*x))))
[[ 0.          1.          2.          3.          4.          5.
   6.          7.          8.          9.         10.         11.
  12.         13.         14.         15.         16.         17.
  18.         19.         20.         21.         22.         23.
  24.         25.         26.         27.         28.         29.
  30.         31.         32.         33.         34.         35.
  36.         37.         38.         39.         40.         41.
  42.         43.         44.         45.         46.         47.
  48.         49.         50.         51.         52.         53.
  54.         55.         56.         57.         58.         59.
  60.         61.         62.         63.         64.         65.
  66.         67.         68.         69.         70.         71.
  72.         73.         74.         75.         76.         77.
  78.         79.         80.         81.         82.         83.
  84.         85.         86.         87.         88.         89.
  90.         91.         92.         93.         94.         95.        ]
 [ 1.90427995  1.59010005  1.81559002  2.41801     2.86634994  3.16662002
   3.01550007  2.99780011  2.31957006  1.94707     1.72985005  1.51837003
   1.22616005  1.05432999  1.07107997  0.82612002  0.82050502  0.63084602
   0.63935     0.58660901  0.77302402  0.79074299  0.71184701  0.79463702
   0.586604    0.615982    0.49150699  0.60434097  0.52447802  0.59069198
   0.505135    0.63427103  0.61011797  0.64122701  0.66142899  0.79268098
   0.63905901  0.63673198  0.74782902  0.96087301  1.04324996  1.05449998
   1.11231005  1.41273999  1.72703004  2.40700006  3.10962009  4.3077898
   4.83029985  6.42904997  6.86734009  7.06496     4.55114985  2.41832995
   1.80905998  1.71202004  1.54250002  1.43787003  1.32427001  1.30726004
   1.03698003  1.01031995  1.05249     1.02008998  0.92441899  0.790645
   0.80260998  0.83613002  0.792436    0.68358803  0.75745201  0.78858501
   0.81217098  0.80446303  0.87770098  0.74145299  0.66102201  0.71510899
   0.56224102  0.78680801  0.86065799  0.68994403  0.77969098  0.62814403
   0.90245903  0.80644298  0.874888    0.993213    0.87614101  0.94809198
   0.926943    0.97164297  0.89715898  1.02248001  1.06296003  1.14696002]]
exp(13.19405621*sin(exp(0.1858*cos(0.1322*x))))*exp(-13.6978*cos(cos(cos(0.64596003*sin(exp(1.8057*cos(0.1005*x)))))))
[[ 0.          1.          2.          3.          4.          5.
   6.          7.          8.          9.         10.         11.
  12.         13.         14.         15.         16.         17.
  18.         19.         20.         21.         22.         23.
  24.         25.         26.         27.         28.         29.
  30.         31.         32.         33.         34.         35.
  36.         37.         38.         39.         40.         41.
  42.         43.         44.         45.         46.         47.
  48.         49.         50.         51.         52.         53.
  54.         55.         56.         57.         58.         59.
  60.         61.         62.         63.         64.         65.
  66.         67.         68.         69.         70.         71.
  72.         73.         74.         75.         76.         77.
  78.         79.         80.         81.         82.         83.
  84.         85.         86.         87.         88.         89.
  90.         91.         92.         93.         94.         95.        ]
 [ 1.59010005  1.81559002  2.41801     2.86634994  3.16662002  3.01550007
   2.99780011  2.31957006  1.94707     1.72985005  1.51837003  1.22616005
   1.05432999  1.07107997  0.82612002  0.82050502  0.63084602  0.63935
   0.58660901  0.77302402  0.79074299  0.71184701  0.79463702  0.586604
   0.615982    0.49150699  0.60434097  0.52447802  0.59069198  0.505135
   0.63427103  0.61011797  0.64122701  0.66142899  0.79268098  0.63905901
   0.63673198  0.74782902  0.96087301  1.04324996  1.05449998  1.11231005
   1.41273999  1.72703004  2.40700006  3.10962009  4.3077898   4.83029985
   6.42904997  6.86734009  7.06496     4.55114985  2.41832995  1.80905998
   1.71202004  1.54250002  1.43787003  1.32427001  1.30726004  1.03698003
   1.01031995  1.05249     1.02008998  0.92441899  0.790645    0.80260998
   0.83613002  0.792436    0.68358803  0.75745201  0.78858501  0.81217098
   0.80446303  0.87770098  0.74145299  0.66102201  0.71510899  0.56224102
   0.78680801  0.86065799  0.68994403  0.77969098  0.62814403  0.90245903
   0.80644298  0.874888    0.993213    0.87614101  0.94809198  0.926943
   0.97164297  0.89715898  1.02248001  1.06296003  1.14696002  1.20494998]]
exp(1.9441*cos(2.9639*sin(3.0775*x))*cos(1.248*cos(1.4132*sin(0.3639*x))))
[[ 0.          1.          2.          3.          4.          5.
   6.          7.          8.          9.         10.         11.
  12.         13.         14.         15.         16.         17.
  18.         19.         20.         21.         22.         23.
  24.         25.         26.         27.         28.         29.
  30.         31.         32.         33.         34.         35.
  36.         37.         38.         39.         40.         41.
  42.         43.         44.         45.         46.         47.
  48.         49.         50.         51.         52.         53.
  54.         55.         56.         57.         58.         59.
  60.         61.         62.         63.         64.         65.
  66.         67.         68.         69.         70.         71.
  72.         73.         74.         75.         76.         77.
  78.         79.         80.         81.         82.         83.
  84.         85.         86.         87.         88.         89.
  90.         91.         92.         93.         94.         95.        ]
 [ 1.81559002  2.41801     2.86634994  3.16662002  3.01550007  2.99780011
   2.31957006  1.94707     1.72985005  1.51837003  1.22616005  1.05432999
   1.07107997  0.82612002  0.82050502  0.63084602  0.63935     0.58660901
   0.77302402  0.79074299  0.71184701  0.79463702  0.586604    0.615982
   0.49150699  0.60434097  0.52447802  0.59069198  0.505135    0.63427103
   0.61011797  0.64122701  0.66142899  0.79268098  0.63905901  0.63673198
   0.74782902  0.96087301  1.04324996  1.05449998  1.11231005  1.41273999
   1.72703004  2.40700006  3.10962009  4.3077898   4.83029985  6.42904997
   6.86734009  7.06496     4.55114985  2.41832995  1.80905998  1.71202004
   1.54250002  1.43787003  1.32427001  1.30726004  1.03698003  1.01031995
   1.05249     1.02008998  0.92441899  0.790645    0.80260998  0.83613002
   0.792436    0.68358803  0.75745201  0.78858501  0.81217098  0.80446303
   0.87770098  0.74145299  0.66102201  0.71510899  0.56224102  0.78680801
   0.86065799  0.68994403  0.77969098  0.62814403  0.90245903  0.80644298
   0.874888    0.993213    0.87614101  0.94809198  0.926943    0.97164297
   0.89715898  1.02248001  1.06296003  1.14696002  1.20494998  1.30517006]]
1.0*x*exp(-6.7004*exp(cos(1.39653141747689*sqrt(x)))) - 0.4175*exp(cos(0.356948523526853*sqrt(x))) + 1.6285*exp(cos(0.467128368481299*sqrt(x)))
[[ 0.          1.          2.          3.          4.          5.
   6.          7.          8.          9.         10.         11.
  12.         13.         14.         15.         16.         17.
  18.         19.         20.         21.         22.         23.
  24.         25.         26.         27.         28.         29.
  30.         31.         32.         33.         34.         35.
  36.         37.         38.         39.         40.         41.
  42.         43.         44.         45.         46.         47.
  48.         49.         50.         51.         52.         53.
  54.         55.         56.         57.         58.         59.
  60.         61.         62.         63.         64.         65.
  66.         67.         68.         69.         70.         71.
  72.         73.         74.         75.         76.         77.
  78.         79.         80.         81.         82.         83.
  84.         85.         86.         87.         88.         89.
  90.         91.         92.         93.         94.         95.        ]
 [ 2.41801     2.86634994  3.16662002  3.01550007  2.99780011  2.31957006
   1.94707     1.72985005  1.51837003  1.22616005  1.05432999  1.07107997
   0.82612002  0.82050502  0.63084602  0.63935     0.58660901  0.77302402
   0.79074299  0.71184701  0.79463702  0.586604    0.615982    0.49150699
   0.60434097  0.52447802  0.59069198  0.505135    0.63427103  0.61011797
   0.64122701  0.66142899  0.79268098  0.63905901  0.63673198  0.74782902
   0.96087301  1.04324996  1.05449998  1.11231005  1.41273999  1.72703004
   2.40700006  3.10962009  4.3077898   4.83029985  6.42904997  6.86734009
   7.06496     4.55114985  2.41832995  1.80905998  1.71202004  1.54250002
   1.43787003  1.32427001  1.30726004  1.03698003  1.01031995  1.05249
   1.02008998  0.92441899  0.790645    0.80260998  0.83613002  0.792436
   0.68358803  0.75745201  0.78858501  0.81217098  0.80446303  0.87770098
   0.74145299  0.66102201  0.71510899  0.56224102  0.78680801  0.86065799
   0.68994403  0.77969098  0.62814403  0.90245903  0.80644298  0.874888
   0.993213    0.87614101  0.94809198  0.926943    0.97164297  0.89715898
   1.02248001  1.06296003  1.14696002  1.20494998  1.30517006  1.28699005]]
exp(16.57680012*exp(-exp(2.8319*cos(cos(0.0678*x))))*exp(2.507*cos(cos(0.1725*x))))
[[ 0.          1.          2.          3.          4.          5.
   6.          7.          8.          9.         10.         11.
  12.         13.         14.         15.         16.         17.
  18.         19.         20.         21.         22.         23.
  24.         25.         26.         27.         28.         29.
  30.         31.         32.         33.         34.         35.
  36.         37.         38.         39.         40.         41.
  42.         43.         44.         45.         46.         47.
  48.         49.         50.         51.         52.         53.
  54.         55.         56.         57.         58.         59.
  60.         61.         62.         63.         64.         65.
  66.         67.         68.         69.         70.         71.
  72.         73.         74.         75.         76.         77.
  78.         79.         80.         81.         82.         83.
  84.         85.         86.         87.         88.         89.
  90.         91.         92.         93.         94.         95.        ]
 [ 2.86634994  3.16662002  3.01550007  2.99780011  2.31957006  1.94707
   1.72985005  1.51837003  1.22616005  1.05432999  1.07107997  0.82612002
   0.82050502  0.63084602  0.63935     0.58660901  0.77302402  0.79074299
   0.71184701  0.79463702  0.586604    0.615982    0.49150699  0.60434097
   0.52447802  0.59069198  0.505135    0.63427103  0.61011797  0.64122701
   0.66142899  0.79268098  0.63905901  0.63673198  0.74782902  0.96087301
   1.04324996  1.05449998  1.11231005  1.41273999  1.72703004  2.40700006
   3.10962009  4.3077898   4.83029985  6.42904997  6.86734009  7.06496
   4.55114985  2.41832995  1.80905998  1.71202004  1.54250002  1.43787003
   1.32427001  1.30726004  1.03698003  1.01031995  1.05249     1.02008998
   0.92441899  0.790645    0.80260998  0.83613002  0.792436    0.68358803
   0.75745201  0.78858501  0.81217098  0.80446303  0.87770098  0.74145299
   0.66102201  0.71510899  0.56224102  0.78680801  0.86065799  0.68994403
   0.77969098  0.62814403  0.90245903  0.80644298  0.874888    0.993213
   0.87614101  0.94809198  0.926943    0.97164297  0.89715898  1.02248001
   1.06296003  1.14696002  1.20494998  1.30517006  1.28699005  1.59467995]]
